0 0.09321786165237426 0.6101178769712094 0.019387300809224448 0.02428306297019676
0 0.5560253143310547 0.29479432282624424 0.0050347646077473955 0.008333333333333333
0 0.34292422930399574 0.5968830249927662 0.01402438481648763 0.024025585033275464
0 0.11635628938674927 0.2787263799596716 0.005209120114644369 0.0098811114275897
0 0.29722201029459633 0.247544112028899 0.005729166666666666 0.008641984727647569
0 0.2875865936279297 0.3268650902642144 0.009375 0.013580237494574652
0 0.3673608938852946 0.23797620843957973 0.004340267181396485 0.008641970599139178
0 0.3523588021596273 0.6549071135344329 0.020144112904866538 0.03762500904224537
0 0.3289105574289958 0.7489117940266927 0.013194433848063151 0.016358043529369214
0 0.3564233938852946 0.2534083048502604 0.00850693384806315 0.012962962962962963
0 0.4326386610666911 0.2538712678132234 0.007465267181396484 0.012037037037037037
1 0.7178385416666667 0.10856481481481481 0.01015625 0.018055555555555554